<?xml version="1.0" encoding="utf-8"?>
<COLLADA xmlns:xsi="http://www.w3.org/2001/XMLSchema-instance" xmlns:xsd="http://www.w3.org/2001/XMLSchema" version="1.4.1" xmlns="http://www.collada.org/2005/11/COLLADASchema">
  <asset>
    <created>2018-06-19T19:06:34.1611945-04:00</created>
    <modified>2018-06-19T19:06:34.1611945-04:00</modified>
    <unit meter="1" name="meter" />
    <up_axis>Y_UP</up_axis>
    <contributor>
      <authoring_tool>Skele: Character Animation Tools</authoring_tool>
      <comments>https://www.assetstore.unity3d.com/en/#!/content/16899</comments>
    </contributor>
    <revision>1.0</revision>
  </asset>
  <library_animation_clips>
    <animation_clip name="draw_arrow" start="0" end="1.033333420753479">
      <instance_animation url="draw_arrow_0" />
    </animation_clip>
  </library_animation_clips>
  <library_animations>
    <animation id="draw_arrow_0" name="draw_arrow">
      <animation id="Hips_0_0-anim" name="Hips_0_0">
        <source id="Hips_0_0-Matrix-animation-input">
          <float_array id="Hips_0_0-Matrix-animation-input-array" count="32">0
0.03333334
0.06666667
0.1
0.1333333
0.1666667
0.2
0.2333333
0.2666667
0.3
0.3333333
0.3666667
0.4
0.4333333
0.4666667
0.5
0.5333334
0.5666667
0.6000001
0.6333334
0.6666668
0.7000002
0.7333335
0.7666669
0.8000003
0.8333336
0.866667
0.9000003
0.9333337
0.9666671
1
1.033333
</float_array>
          <technique_common>
            <accessor count="32" offset="0" source="#Hips_0_0-Matrix-animation-input-array" stride="1">
              <param name="TIME" type="float" />
            </accessor>
          </technique_common>
        </source>
        <source id="Hips_0_0-Matrix-animation-output-transform">
          <float_array id="Hips_0_0-Matrix-animation-output-transform-array" count="512">0.4673359 -0.08375065 -0.8801039 -1.811981E-07 
0.03009183 0.9964328 -0.07884172 0.9396519 
0.8835676 0.01036162 0.468189 -2.938509E-07 
0 0 0 1 
0.4518587 -0.06028506 -0.8900503 0.0004354143 
0.01789444 0.9981258 -0.05852064 0.9399617 
0.8919101 0.01051612 0.4520906 -3.932655E-05 
0 0 0 1 
0.429497 -0.03515519 -0.9023837 0.0006553829 
0.004920502 0.9993182 -0.03658963 0.9398825 
0.9030549 0.01127495 0.4293771 9.021759E-06 
0 0 0 1 
0.4063477 -0.01026724 -0.9136609 0.0006806576 
-0.00779627 0.9998615 -0.01470328 0.9389955 
0.9136853 0.01309779 0.4062113 0.0003839059 
0 0 0 1 
0.3956078 0.007112438 -0.9183921 0.0005505431 
-0.01785654 0.9998406 5.13047E-05 0.9368954 
0.9182462 0.01637901 0.3956717 0.001043499 
0 0 0 1 
0.4042695 0.01188008 -0.9145629 0.0002042019 
-0.0234855 0.9997208 0.002604837 0.9330816 
0.9143384 0.02042591 0.4044356 0.001623741 
0 0 0 1 
0.4289116 0.005376668 -0.9033304 -0.0004483712 
-0.02430106 0.999689 -0.00558822 0.9271135 
0.9030195 0.02434874 0.4289089 0.001467829 
0 0 0 1 
0.4647591 -0.0002673743 -0.8854371 -0.0002414489 
-0.02364341 0.9996396 -0.0127121 0.9200569 
0.8851215 0.02684282 0.4645852 -0.000761044 
0 0 0 1 
0.5057111 0.002592652 -0.8626991 0.001608936 
-0.02447283 0.9996362 -0.0113417 0.9133794 
0.8623557 0.02684831 0.5055906 -0.005042386 
0 0 0 1 
0.5462236 0.008507861 -0.8375961 0.005353536 
-0.02520833 0.9996625 -0.006285131 0.9073718 
0.8372599 0.02454749 0.5462538 -0.009602317 
0 0 0 1 
0.5813014 0.01208 -0.8135986 0.01122494 
-0.02382021 0.9997139 -0.002175741 0.902126 
0.8133396 0.02064485 0.5814228 -0.01472526 
0 0 0 1 
0.6065314 0.008048709 -0.7950187 0.0194457 
-0.01785124 0.9998345 -0.003496725 0.8976976 
0.794859 0.01631294 0.6065748 -0.02067058 
0 0 0 1 
0.61724 -0.002335708 -0.7867715 0.0272029 
-0.008784914 0.9999128 -0.009860426 0.8944817 
0.786726 0.01299797 0.6171656 -0.02697114 
0 0 0 1 
0.6142089 -0.01334096 -0.7890307 0.03327912 
-0.0006280838 0.9998485 -0.0173944 0.8928478 
0.7891433 0.01117937 0.6141075 -0.0323288 
0 0 0 1 
0.6011164 -0.02346352 -0.798817 0.03665625 
0.005481077 0.9996665 -0.02523849 0.8930338 
0.7991428 0.01079289 0.6010444 -0.03536299 
0 0 0 1 
0.5814919 -0.03126822 -0.8129511 0.03839669 
0.008482061 0.9994398 -0.03237397 0.8945469 
0.813508 0.0119297 0.5814314 -0.0367109 
0 0 0 1 
0.5589914 -0.03536205 -0.8284191 0.03985423 
0.007441788 0.9992639 -0.03763328 0.8968325 
0.8291401 0.01487176 0.5588431 -0.03738705 
0 0 0 1 
0.5283965 -0.03545113 -0.8482572 0.04193651 
0.002670109 0.9991923 -0.04009588 0.9001496 
0.8489935 0.01892158 0.5280644 -0.03796053 
0 0 0 1 
0.4829113 -0.03219288 -0.8750774 0.04422339 
-0.004648515 0.9992157 -0.03932504 0.9050897 
0.875657 0.02305831 0.4823828 -0.03830553 
0 0 0 1 
0.4240172 -0.02560923 -0.905292 0.045616 
-0.01389183 0.9992986 -0.03477512 0.9125369 
0.9055476 0.02732141 0.423364 -0.03798806 
0 0 0 1 
0.353446 -0.01568581 -0.9353235 0.04567447 
-0.02426803 0.9993691 -0.02593045 0.9218601 
0.9351401 0.03186347 0.3528424 -0.03652606 
0 0 0 1 
0.2824472 -0.006457718 -0.9592612 0.04474942 
-0.03555044 0.99922 -0.01719428 0.9307295 
0.9586241 0.03895862 0.2819973 -0.03381956 
0 0 0 1 
0.2200374 -0.001688082 -0.97549 0.0432846 
-0.04600636 0.9988678 -0.01210601 0.9383579 
0.9744061 0.04754251 0.2197106 -0.0301705 
0 0 0 1 
0.1645313 -0.0004954655 -0.9863718 0.04158032 
-0.05220595 0.9985939 -0.009209797 0.9455548 
0.9849893 0.05300977 0.1642741 -0.0261183 
0 0 0 1 
0.1139134 -0.001575319 -0.9934895 0.0397722 
-0.05045186 0.9986993 -0.007368388 0.9523844 
0.9922089 0.05096274 0.1136857 -0.02191928 
0 0 0 1 
0.07111519 -0.005027782 -0.9974555 0.03799586 
-0.04293369 0.9990451 -0.008096827 0.9589108 
0.9965438 0.04340024 0.07083142 -0.01782974 
0 0 0 1 
0.03920121 -0.01125848 -0.999168 0.03617335 
-0.03496996 0.9993085 -0.01263207 0.96271 
0.9986193 0.03543605 0.03878039 -0.01407297 
0 0 0 1 
0.01611838 -0.01917669 -0.9996862 0.03490713 
-0.02726518 0.9994358 -0.0196115 0.9656455 
0.9994983 0.02757273 0.01558644 -0.00995033 
0 0 0 1 
-0.0002164839 -0.02768566 -0.9996167 0.03413423 
-0.02040988 0.9994086 -0.02767548 0.9677256 
0.9997917 0.02039606 -0.0007814169 -0.006473235 
0 0 0 1 
-0.01187233 -0.03566478 -0.9992934 0.03354019 
-0.01495288 0.9992583 -0.03548588 0.9694316 
0.9998178 0.01452101 -0.01239681 -0.003368949 
0 0 0 1 
-0.02089738 -0.04196275 -0.9989008 0.03334724 
-0.01144358 0.9990634 -0.04173018 0.9701206 
0.9997163 0.01055894 -0.02135801 -0.001483245 
0 0 0 1 
-0.02089738 -0.04196275 -0.9989008 0.03334724 
-0.01144358 0.9990634 -0.04173018 0.9701206 
0.9997163 0.01055894 -0.02135801 -0.001483245 
0 0 0 1 
</float_array>
          <technique_common>
            <accessor count="32" offset="0" source="#Hips_0_0-Matrix-animation-output-transform-array" stride="16">
              <param type="float4x4" />
            </accessor>
          </technique_common>
        </source>
        <source id="Hips_0_0-Interpolations">
          <Name_array id="Hips_0_0-Interpolations-array" count="32">LINEAR
LINEAR
LINEAR
LINEAR
LINEAR
LINEAR
LINEAR
LINEAR
LINEAR
LINEAR
LINEAR
LINEAR
LINEAR
LINEAR
LINEAR
LINEAR
LINEAR
LINEAR
LINEAR
LINEAR
LINEAR
LINEAR
LINEAR
LINEAR
LINEAR
LINEAR
LINEAR
LINEAR
LINEAR
LINEAR
LINEAR
LINEAR</Name_array>
          <technique_common>
            <accessor count="32" offset="0" source="#Hips_0_0-Interpolations-array" stride="1">
              <param type="name" />
            </accessor>
          </technique_common>
        </source>
        <sampler id="Hips_0_0-Matrix-animation-transform">
          <input semantic="INPUT" source="#Hips_0_0-Matrix-animation-input" />
          <input semantic="OUTPUT" source="#Hips_0_0-Matrix-animation-output-transform" />
          <input semantic="INTERPOLATION" source="#Hips_0_0-Interpolations" />
        </sampler>
        <channel source="#Hips_0_0-Matrix-animation-transform" target="Hips/matrix" />
      </animation>
      <animation id="Spine_0_1-anim" name="Spine_0_1">
        <source id="Spine_0_1-Matrix-animation-input">
          <float_array id="Spine_0_1-Matrix-animation-input-array" count="32">0
0.03333334
0.06666667
0.1
0.1333333
0.1666667
0.2
0.2333333
0.2666667
0.3
0.3333333
0.3666667
0.4
0.4333333
0.4666667
0.5
0.5333334
0.5666667
0.6000001
0.6333334
0.6666668
0.7000002
0.7333335
0.7666669
0.8000003
0.8333336
0.866667
0.9000003
0.9333337
0.9666671
1
1.033333
</float_array>
          <technique_common>
            <accessor count="32" offset="0" source="#Spine_0_1-Matrix-animation-input-array" stride="1">
              <param name="TIME" type="float" />
            </accessor>
          </technique_common>
        </source>
        <source id="Spine_0_1-Matrix-animation-output-transform">
          <float_array id="Spine_0_1-Matrix-animation-output-transform-array" count="512">0.9971849 0.07481605 -0.005000664 8.094229E-08 
-0.07354121 0.9628183 -0.2599472 0.1018159 
-0.01463349 0.2595832 0.9656099 0.001315208 
0 0 0 1 
0.9973636 0.07243471 -0.004372259 8.094229E-08 
-0.07120751 0.9653005 -0.2512458 0.1018159 
-0.01397837 0.2508947 0.9679134 0.001315208 
0 0 0 1 
0.9976284 0.06874695 -0.003379887 8.094229E-08 
-0.06759791 0.9693391 -0.2362462 0.1018159 
-0.01296495 0.2359144 0.9716873 0.001315208 
0 0 0 1 
0.9979537 0.06391621 -0.001801876 8.094229E-08 
-0.06278705 0.9742142 -0.216713 0.1018159 
-0.01209606 0.2163826 0.9762337 0.001315208 
0 0 0 1 
0.9983109 0.05809445 0.000589422 8.094229E-08 
-0.05687138 0.979266 -0.1944316 0.1018159 
-0.0118726 0.1940697 0.9809159 0.001315208 
0 0 0 1 
0.9986687 0.05142413 0.00404016 8.094229E-08 
-0.04997429 0.9839646 -0.1712202 0.1018159 
-0.01278022 0.1707904 0.9852245 0.001315208 
0 0 0 1 
0.9989907 0.04404341 0.008824794 8.094229E-08 
-0.04224093 0.987946 -0.148924 0.1018159 
-0.01527754 0.1484009 0.9888093 0.001315208 
0 0 0 1 
0.9992319 0.03609571 0.0152537 8.094229E-08 
-0.03382351 0.9910151 -0.1294028 0.1018159 
-0.01978753 0.1287874 0.9914748 0.001315208 
0 0 0 1 
0.9993056 0.02619374 0.02649903 8.094229E-08 
-0.02293585 0.9929203 -0.1165466 0.1018159 
-0.02936422 0.1158579 0.9928316 0.001315208 
0 0 0 1 
0.9988818 0.01497056 0.04484475 8.094229E-08 
-0.009881278 0.9937007 -0.1116302 0.1018159 
-0.04623343 0.1110622 0.9927375 0.001315208 
0 0 0 1 
0.997579 0.005700695 0.06930839 8.094229E-08 
0.002147793 0.9936334 -0.1126414 0.1018159 
-0.06950927 0.1125176 0.9912155 0.001315208 
0 0 0 1 
0.9951023 0.001693423 0.09883595 8.094229E-08 
0.01000368 0.9929949 -0.1177329 0.1018159 
-0.09834297 0.118145 0.9881146 0.001315208 
0 0 0 1 
0.9911968 0.006198741 0.1322518 8.094229E-08 
0.01051577 0.9920617 -0.125312 0.1018159 
-0.1319787 0.1255996 0.9832631 0.001315208 
0 0 0 1 
0.9864429 0.01850966 0.1630582 8.094229E-08 
0.003754262 0.9908133 -0.1351848 0.1018159 
-0.1640624 0.1339642 0.9773112 0.001315208 
0 0 0 1 
0.9818857 0.03486367 0.1862391 8.094229E-08 
-0.007037395 0.988958 -0.148029 0.1018159 
-0.1893435 0.1440369 0.971289 0.001315208 
0 0 0 1 
0.9777522 0.05381731 0.202742 8.094229E-08 
-0.02034964 0.9863048 -0.1636729 0.1018159 
-0.2087738 0.1559058 0.9654568 0.001315208 
0 0 0 1 
0.9741395 0.07391122 0.2135166 8.094229E-08 
-0.03470355 0.9827141 -0.1818477 0.1018159 
-0.2232664 0.1697353 0.9598656 0.001315208 
0 0 0 1 
0.9726406 0.09242675 0.2131376 8.094229E-08 
-0.0497569 0.97904 -0.1974965 0.1018159 
-0.2269242 0.181488 0.9568529 0.001315208 
0 0 0 1 
0.9741757 0.1074511 0.1985851 8.094229E-08 
-0.0656627 0.9763141 -0.2061534 0.1018159 
-0.2160328 0.18779 0.9581569 0.001315208 
0 0 0 1 
0.9774847 0.1189359 0.1742925 8.094229E-08 
-0.08141644 0.9746332 -0.2084742 0.1018159 
-0.1946664 0.1895901 0.9623724 0.001315208 
0 0 0 1 
0.9813055 0.1269838 0.1446194 8.094229E-08 
-0.09578634 0.9740051 -0.205278 0.1018159 
-0.166927 0.1875878 0.9679598 0.001315208 
0 0 0 1 
0.9847165 0.1317299 0.1139326 8.094229E-08 
-0.1074854 0.9743747 -0.1975874 0.1018159 
-0.1370412 0.1823215 0.9736419 0.001315208 
0 0 0 1 
0.9872897 0.1332549 0.08661534 8.094229E-08 
-0.1153118 0.9756436 -0.1866087 0.1018159 
-0.1093722 0.1742491 0.9786087 0.001315208 
0 0 0 1 
0.9891157 0.1330769 0.06277505 8.094229E-08 
-0.120469 0.9773862 -0.1737913 0.1018159 
-0.08448308 0.1643373 0.9827797 0.001315208 
0 0 0 1 
0.9903268 0.1328571 0.04002395 8.094229E-08 
-0.1248878 0.9791633 -0.160132 0.1018159 
-0.06046467 0.1535845 0.9862838 0.001315208 
0 0 0 1 
0.9909635 0.1327794 0.01900402 8.094229E-08 
-0.1286194 0.9808495 -0.1462578 0.1018159 
-0.03806011 0.1424918 0.989064 0.001315208 
0 0 0 1 
0.9911174 0.1329896 0.0003622398 8.094229E-08 
-0.131764 0.9823452 -0.1328014 0.1018159 
-0.01801706 0.1315741 0.9911426 0.001315208 
0 0 0 1 
0.9909179 0.1336007 -0.01525432 8.094229E-08 
-0.1344644 0.9835771 -0.1203971 0.1018159 
-0.001081334 0.1213548 0.9926086 0.001315208 
0 0 0 1 
0.9905129 0.1347006 -0.02720198 8.094229E-08 
-0.1368942 0.9844952 -0.1096779 0.1018159 
0.01200655 0.1123611 0.9935949 0.001315208 
0 0 0 1 
0.9900458 0.1363647 -0.03484198 8.094229E-08 
-0.1392429 0.9850659 -0.101275 0.1018159 
0.02051131 0.1051184 0.9942482 0.001315208 
0 0 0 1 
0.9896712 0.137922 -0.03909407 8.094229E-08 
-0.1411048 0.9853454 -0.09583288 0.1018159 
0.0253037 0.1003594 0.9946294 0.001315208 
0 0 0 1 
0.9896712 0.137922 -0.03909407 8.094229E-08 
-0.1411048 0.9853454 -0.09583288 0.1018159 
0.0253037 0.1003594 0.9946294 0.001315208 
0 0 0 1 
</float_array>
          <technique_common>
            <accessor count="32" offset="0" source="#Spine_0_1-Matrix-animation-output-transform-array" stride="16">
              <param type="float4x4" />
            </accessor>
          </technique_common>
        </source>
        <source id="Spine_0_1-Interpolations">
          <Name_array id="Spine_0_1-Interpolations-array" count="32">LINEAR
LINEAR
LINEAR
LINEAR
LINEAR
LINEAR
LINEAR
LINEAR
LINEAR
LINEAR
LINEAR
LINEAR
LINEAR
LINEAR
LINEAR
LINEAR
LINEAR
LINEAR
LINEAR
LINEAR
LINEAR
LINEAR
LINEAR
LINEAR
LINEAR
LINEAR
LINEAR
LINEAR
LINEAR
LINEAR
LINEAR
LINEAR</Name_array>
          <technique_common>
            <accessor count="32" offset="0" source="#Spine_0_1-Interpolations-array" stride="1">
              <param type="name" />
            </accessor>
          </technique_common>
        </source>
        <sampler id="Spine_0_1-Matrix-animation-transform">
          <input semantic="INPUT" source="#Spine_0_1-Matrix-animation-input" />
          <input semantic="OUTPUT" source="#Spine_0_1-Matrix-animation-output-transform" />
          <input semantic="INTERPOLATION" source="#Spine_0_1-Interpolations" />
        </sampler>
        <channel source="#Spine_0_1-Matrix-animation-transform" target="Spine/matrix" />
      </animation>
      <animation id="Spine1_0_2-anim" name="Spine1_0_2">
        <source id="Spine1_0_2-Matrix-animation-input">
          <float_array id="Spine1_0_2-Matrix-animation-input-array" count="32">0
0.03333334
0.06666667
0.1
0.1333333
0.1666667
0.2
0.2333333
0.2666667
0.3
0.3333333
0.3666667
0.4
0.4333333
0.4666667
0.5
0.5333334
0.5666667
0.6000001
0.6333334
0.6666668
0.7000002
0.7333335
0.7666669
0.8000003
0.8333336
0.866667
0.9000003
0.9333337
0.9666671
1
1.033333
</float_array>
          <technique_common>
            <accessor count="32" offset="0" source="#Spine1_0_2-Matrix-animation-input-array" stride="1">
              <param name="TIME" type="float" />
            </accessor>
          </technique_common>
        </source>
        <source id="Spine1_0_2-Matrix-animation-output-transform">
          <float_array id="Spine1_0_2-Matrix-animation-output-transform-array" count="512">0.9987552 0.04887329 0.009970271 2.523129E-09 
-0.04760025 0.9936125 -0.1023154 0.1008345 
-0.01490707 0.1017134 0.994702 -0.01000804 
0 0 0 1 
0.9989967 0.04417225 0.007382088 2.523129E-09 
-0.04323706 0.9942384 -0.0980845 0.1008345 
-0.01167217 0.09766691 0.9951507 -0.01000804 
0 0 0 1 
0.9992863 0.03767318 0.00276413 2.523129E-09 
-0.03726652 0.9951661 -0.09086017 0.1008345 
-0.006173761 0.09069231 0.9958598 -0.01000804 
0 0 0 1 
0.9995282 0.03057682 -0.002911674 2.523129E-09 
-0.03071249 0.9961878 -0.08164895 0.1008345 
0.0004040091 0.08169985 0.9966569 -0.01000804 
0 0 0 1 
0.9996729 0.02406729 -0.008644357 2.523129E-09 
-0.02462408 0.9971409 -0.07144019 0.1008345 
0.00690027 0.07162969 0.9974074 -0.01000804 
0 0 0 1 
0.999724 0.01930017 -0.01339616 2.523129E-09 
-0.02008551 0.9979233 -0.06120278 0.1008345 
0.01218712 0.06145495 0.9980354 -0.01000804 
0 0 0 1 
0.999719 0.01740007 -0.01609652 2.523129E-09 
-0.01821412 0.9984866 -0.05189123 0.1008345 
0.01516925 0.05216984 0.998523 -0.01000804 
0 0 0 1 
0.9996879 0.01946946 -0.015656 2.523129E-09 
-0.02014866 0.9988078 -0.04446357 0.1008345 
0.01477165 0.04476514 0.9988883 -0.01000804 
0 0 0 1 
0.9996803 0.02300597 -0.01049345 2.523129E-09 
-0.02341663 0.9988908 -0.04085258 0.1008345 
0.00954196 0.04108524 0.9991101 -0.01000804 
0 0 0 1 
0.9996834 0.0251478 -0.0008234887 2.523129E-09 
-0.02516031 0.9988234 -0.0414575 0.1008345 
-0.000220045 0.04146509 0.9991399 -0.01000804 
0 0 0 1 
0.9995802 0.026475 0.01176678 2.523129E-09 
-0.02592139 0.9986532 -0.04494278 0.1008345 
-0.01294079 0.0446189 0.9989203 -0.01000804 
0 0 0 1 
0.9992898 0.02755962 0.02569746 2.523129E-09 
-0.02625019 0.9984056 -0.04997102 0.1008345 
-0.02703367 0.04926097 0.99842 -0.01000804 
0 0 0 1 
0.9988049 0.02893511 0.03938805 2.523129E-09 
-0.0267377 0.9981164 -0.05521609 0.1008345 
-0.04091154 0.05409696 0.9976972 -0.01000804 
0 0 0 1 
0.9982014 0.03108594 0.05125947 2.523129E-09 
-0.02802612 0.9978427 -0.05936785 0.1008345 
-0.05299439 0.05782447 0.9969192 -0.01000804 
0 0 0 1 
0.997619 0.03445774 0.05974161 2.523129E-09 
-0.03079847 0.9976547 -0.06112631 0.1008345 
-0.06170778 0.05914082 0.9963406 -0.01000804 
0 0 0 1 
0.9971243 0.03893721 0.06501622 2.523129E-09 
-0.0348799 0.9974406 -0.06241473 0.1008345 
-0.06728008 0.05996748 0.9959304 -0.01000804 
0 0 0 1 
0.9967335 0.04357308 0.06799786 2.523129E-09 
-0.03914827 0.9971104 -0.0651017 0.1008345 
-0.07063805 0.06222704 0.9955592 -0.01000804 
0 0 0 1 
0.9965363 0.04752725 0.06823945 2.523129E-09 
-0.04289626 0.9967766 -0.06779607 0.1008345 
-0.07124165 0.06463403 0.9953628 -0.01000804 
0 0 0 1 
0.9966139 0.04995532 0.06530796 2.523129E-09 
-0.04542483 0.9965746 -0.06910627 0.1008345 
-0.06853648 0.06590567 0.9954693 -0.01000804 
0 0 0 1 
0.9970171 0.05002642 0.05877277 2.523129E-09 
-0.04601986 0.9966471 -0.06765206 0.1008345 
-0.0619601 0.06474555 0.9959764 -0.01000804 
0 0 0 1 
0.9975658 0.04829684 0.05029771 2.523129E-09 
-0.04501565 0.9969056 -0.06444254 0.1008345 
-0.05325444 0.06202149 0.996653 -0.01000804 
0 0 0 1 
0.9980637 0.04595364 0.04191904 2.523129E-09 
-0.04333281 0.9971709 -0.0614214 0.1008345 
-0.04462298 0.059486 0.9972312 -0.01000804 
0 0 0 1 
0.9984988 0.04313627 0.03375535 2.523129E-09 
-0.04110836 0.9974333 -0.0586249 0.1008345 
-0.03619757 0.05714927 0.9977092 -0.01000804 
0 0 0 1 
0.9988639 0.03998361 0.02592675 2.523129E-09 
-0.03848059 0.9976841 -0.0560863 0.1008345 
-0.02810924 0.0550249 0.9980893 -0.01000804 
0 0 0 1 
0.9991565 0.03663403 0.01855464 2.523129E-09 
-0.03558879 0.9979154 -0.05383568 0.1008345 
-0.02048818 0.05312993 0.9983774 -0.01000804 
0 0 0 1 
0.9993787 0.03322558 0.0117614 2.523129E-09 
-0.03257297 0.9981209 -0.05190003 0.1008345 
-0.01346371 0.05148469 0.998583 -0.01000804 
0 0 0 1 
0.9995369 0.02989609 0.005670135 2.523129E-09 
-0.02957361 0.998296 -0.0503035 0.1008345 
-0.007164351 0.05011252 0.9987179 -0.01000804 
0 0 0 1 
0.9996412 0.0267834 0.0004043671 2.523129E-09 
-0.02673131 0.9984377 -0.04906774 0.1008345 
-0.001717936 0.04903932 0.9987954 -0.01000804 
0 0 0 1 
0.9997037 0.02402556 -0.003912224 2.523129E-09 
-0.02418637 0.9985442 -0.04821249 0.1008345 
0.002748197 0.04829283 0.9988294 -0.01000804 
0 0 0 1 
0.9997376 0.0217611 -0.007156093 2.523129E-09 
-0.0220785 0.998615 -0.04775642 0.1008345 
0.006106949 0.04790188 0.9988334 -0.01000804 
0 0 0 1 
0.9997551 0.02012938 -0.00920405 2.523129E-09 
-0.02054643 0.9986495 -0.04771792 0.1008345 
0.008231088 0.04789534 0.9988185 -0.01000804 
0 0 0 1 
0.9997551 0.02012938 -0.00920405 2.523129E-09 
-0.02054643 0.9986495 -0.04771792 0.1008345 
0.008231088 0.04789534 0.9988185 -0.01000804 
0 0 0 1 
</float_array>
          <technique_common>
            <accessor count="32" offset="0" source="#Spine1_0_2-Matrix-animation-output-transform-array" stride="16">
              <param type="float4x4" />
            </accessor>
          </technique_common>
        </source>
        <source id="Spine1_0_2-Interpolations">
          <Name_array id="Spine1_0_2-Interpolations-array" count="32">LINEAR
LINEAR
LINEAR
LINEAR
LINEAR
LINEAR
LINEAR
LINEAR
LINEAR
LINEAR
LINEAR
LINEAR
LINEAR
LINEAR
LINEAR
LINEAR
LINEAR
LINEAR
LINEAR
LINEAR
LINEAR
LINEAR
LINEAR
LINEAR
LINEAR
LINEAR
LINEAR
LINEAR
LINEAR
LINEAR
LINEAR
LINEAR</Name_array>
          <technique_common>
            <accessor count="32" offset="0" source="#Spine1_0_2-Interpolations-array" stride="1">
              <param type="name" />
            </accessor>
          </technique_common>
        </source>
        <sampler id="Spine1_0_2-Matrix-animation-transform">
          <input semantic="INPUT" source="#Spine1_0_2-Matrix-animation-input" />
          <input semantic="OUTPUT" source="#Spine1_0_2-Matrix-animation-output-transform" />
          <input semantic="INTERPOLATION" source="#Spine1_0_2-Interpolations" />
        </sampler>
        <channel source="#Spine1_0_2-Matrix-animation-transform" target="Spine1/matrix" />
      </animation>
      <animation id="Spine2_0_3-anim" name="Spine2_0_3">
        <source id="Spine2_0_3-Matrix-animation-input">
          <float_array id="Spine2_0_3-Matrix-animation-input-array" count="32">0
0.03333334
0.06666667
0.1
0.1333333
0.1666667
0.2
0.2333333
0.2666667
0.3
0.3333333
0.3666667
0.4
0.4333333
0.4666667
0.5
0.5333334
0.5666667
0.6000001
0.6333334
0.6666668
0.7000002
0.7333335
0.7666669
0.8000003
0.8333336
0.866667
0.9000003
0.9333337
0.9666671
1
1.033333
</float_array>
          <technique_common>
            <accessor count="32" offset="0" source="#Spine2_0_3-Matrix-animation-input-array" stride="1">
              <param name="TIME" type="float" />
            </accessor>
          </technique_common>
        </source>
        <source id="Spine2_0_3-Matrix-animation-output-transform">
          <float_array id="Spine2_0_3-Matrix-animation-output-transform-array" count="512">0.9986944 0.04981299 0.01132461 3.463215E-09 
-0.04839861 0.9935815 -0.1022414 0.09100011 
-0.01634488 0.1015598 0.9946951 -0.01373417 
0 0 0 1 
0.9989601 0.04476634 0.008644507 3.463215E-09 
-0.04370535 0.9942201 -0.09806193 0.09100011 
-0.01298442 0.09758214 0.9951428 -0.01373417 
0 0 0 1 
0.9992781 0.03779526 0.003856391 3.463215E-09 
-0.03728852 0.9951586 -0.09093366 0.09100011 
-0.007274582 0.09072421 0.9958495 -0.01373417 
0 0 0 1 
0.9995421 0.03018841 -0.002046168 3.463215E-09 
-0.03025458 0.9961854 -0.08184871 0.09100011 
-0.0004325192 0.08187313 0.9966426 -0.01373417 
0 0 0 1 
0.9996981 0.02321808 -0.008038805 3.463215E-09 
-0.02373582 0.997138 -0.07177968 0.09100011 
0.006349212 0.07194882 0.9973881 -0.01373417 
0 0 0 1 
0.9997504 0.01812785 -0.0130582 3.463215E-09 
-0.01890018 0.9979173 -0.06167582 0.09100011 
0.01191295 0.06190723 0.9980108 -0.01373417 
0 0 0 1 
0.9997418 0.01612964 -0.01600628 3.463215E-09 
-0.01694932 0.9984787 -0.05246993 0.09100011 
0.0151356 0.05272767 0.9984942 -0.01373417 
0 0 0 1 
0.9997062 0.01841237 -0.01576495 3.463215E-09 
-0.01910685 0.9987998 -0.04509805 0.09100011 
0.01491567 0.04538601 0.9988582 -0.01373417 
0 0 0 1 
0.9996943 0.02226975 -0.01073842 3.463215E-09 
-0.02269749 0.9988803 -0.04150824 0.09100011 
0.009802015 0.04173929 0.9990805 -0.01373417 
0 0 0 1 
0.9996967 0.02460082 -0.00115653 3.463215E-09 
-0.02462771 0.9988084 -0.04213304 0.09100011 
0.0001186448 0.04214874 0.9991114 -0.01373417 
0 0 0 1 
0.9995967 0.02601929 0.0113793 3.463215E-09 
-0.02547462 0.998633 -0.04564175 0.09100011 
-0.01255131 0.04533346 0.9988931 -0.01373417 
0 0 0 1 
0.9993123 0.02713124 0.02527594 3.463215E-09 
-0.02582353 0.9983799 -0.05070105 0.09100011 
-0.02661057 0.05001347 0.998394 -0.01373417 
0 0 0 1 
0.9988349 0.02850436 0.03893981 3.463215E-09 
-0.02630021 0.9980849 -0.05598919 0.09100011 
-0.04046118 0.05489983 0.9976717 -0.01373417 
0 0 0 1 
0.9982393 0.03065729 0.05077839 3.463215E-09 
-0.02758164 0.9978051 -0.06020132 0.09100011 
-0.05251255 0.05869477 0.9968939 -0.01373417 
0 0 0 1 
0.9976642 0.03406961 0.05920767 3.463215E-09 
-0.03038574 0.9976108 -0.06204348 0.09100011 
-0.06118002 0.06009949 0.9963157 -0.01373417 
0 0 0 1 
0.9971742 0.0386383 0.06442591 3.463215E-09 
-0.03455195 0.9973913 -0.06337821 0.09100011 
-0.06670666 0.06097307 0.9959079 -0.01373417 
0 0 0 1 
0.9967837 0.04338931 0.06737688 3.463215E-09 
-0.03893864 0.9970582 -0.06602074 0.09100011 
-0.07004327 0.06318484 0.9955409 -0.01373417 
0 0 0 1 
0.9965813 0.04746958 0.0676187 3.463215E-09 
-0.04282207 0.996725 -0.06859697 0.09100011 
-0.07065351 0.06546689 0.9953503 -0.01373417 
0 0 0 1 
0.9966488 0.05002059 0.06472353 3.463215E-09 
-0.04548606 0.9965282 -0.06973206 0.09100011 
-0.06798686 0.06655435 0.9954638 -0.01373417 
0 0 0 1 
0.9970383 0.05019788 0.0582658 3.463215E-09 
-0.04619889 0.9966109 -0.06806224 0.09100011 
-0.06148491 0.06516884 0.9959782 -0.01373417 
0 0 0 1 
0.997574 0.04854275 0.04989703 3.463215E-09 
-0.04527543 0.9968805 -0.06464776 0.09100011 
-0.05287956 0.06223182 0.9966599 -0.01373417 
0 0 0 1 
0.9980623 0.04624012 0.04163565 3.463215E-09 
-0.04363378 0.9971547 -0.06146974 0.09100011 
-0.04435955 0.05953391 0.9972402 -0.01373417 
0 0 0 1 
0.9984912 0.04343544 0.03359688 3.463215E-09 
-0.04141863 0.9974243 -0.05855995 0.09100011 
-0.03605392 0.05708006 0.9977184 -0.01373417 
0 0 0 1 
0.998853 0.04027363 0.02589762 3.463215E-09 
-0.0387758 0.9976805 -0.05594707 0.09100011 
-0.02809074 0.0548787 0.9980978 -0.01373417 
0 0 0 1 
0.9991449 0.03689926 0.01865609 3.463215E-09 
-0.035852 0.9979156 -0.05365653 0.09100011 
-0.02059709 0.05294178 0.9983851 -0.01373417 
0 0 0 1 
0.9993683 0.03345667 0.01199157 3.463215E-09 
-0.03279452 0.9981235 -0.05171053 0.09100011 
-0.01369913 0.0512846 0.9985901 -0.01373417 
0 0 0 1 
0.9995291 0.03009017 0.006024088 3.463215E-09 
-0.02975104 0.9982995 -0.05012839 0.09100011 
-0.007522217 0.04992555 0.9987246 -0.01373417 
0 0 0 1 
0.9996365 0.02694417 0.0008740908 3.463215E-09 
-0.02686916 0.9984409 -0.04892686 0.09100011 
-0.002191022 0.0488856 0.998802 -0.01373417 
0 0 0 1 
0.9997025 0.02416342 -0.003337848 3.463215E-09 
-0.02429614 0.998546 -0.04812077 0.09100011 
0.002170232 0.04818755 0.9988359 -0.01373417 
0 0 0 1 
0.9997392 0.02189324 -0.006491352 3.463215E-09 
-0.02217848 0.9986143 -0.04772382 0.09100011 
0.005437528 0.04785535 0.9988395 -0.01373417 
0 0 0 1 
0.9997585 0.02027987 -0.008466427 3.463215E-09 
-0.02066166 0.9986456 -0.04774953 0.09100011 
0.007486606 0.04791293 0.9988235 -0.01373417 
0 0 0 1 
0.9997585 0.02027987 -0.008466427 3.463215E-09 
-0.02066166 0.9986456 -0.04774953 0.09100011 
0.007486606 0.04791293 0.9988235 -0.01373417 
0 0 0 1 
</float_array>
          <technique_common>
            <accessor count="32" offset="0" source="#Spine2_0_3-Matrix-animation-output-transform-array" stride="16">
              <param type="float4x4" />
            </accessor>
          </technique_common>
        </source>
        <source id="Spine2_0_3-Interpolations">
          <Name_array id="Spine2_0_3-Interpolations-array" count="32">LINEAR
LINEAR
LINEAR
LINEAR
LINEAR
LINEAR
LINEAR
LINEAR
LINEAR
LINEAR
LINEAR
LINEAR
LINEAR
LINEAR
LINEAR
LINEAR
LINEAR
LINEAR
LINEAR
LINEAR
LINEAR
LINEAR
LINEAR
LINEAR
LINEAR
LINEAR
LINEAR
LINEAR
LINEAR
LINEAR
LINEAR
LINEAR</Name_array>
          <technique_common>
            <accessor count="32" offset="0" source="#Spine2_0_3-Interpolations-array" stride="1">
              <param type="name" />
            </accessor>
          </technique_common>
        </source>
        <sampler id="Spine2_0_3-Matrix-animation-transform">
          <input semantic="INPUT" source="#Spine2_0_3-Matrix-animation-input" />
          <input semantic="OUTPUT" source="#Spine2_0_3-Matrix-animation-output-transform" />
          <input semantic="INTERPOLATION" source="#Spine2_0_3-Interpolations" />
        </sampler>
        <channel source="#Spine2_0_3-Matrix-animation-transform" target="Spine2/matrix" />
      </animation>
      <animation id="Neck_0_4-anim" name="Neck_0_4">
        <source id="Neck_0_4-Matrix-animation-input">
          <float_array id="Neck_0_4-Matrix-animation-input-array" count="32">0
0.03333334
0.06666667
0.1
0.1333333
0.1666667
0.2
0.2333333
0.2666667
0.3
0.3333333
0.3666667
0.4
0.4333333
0.4666667
0.5
0.5333334
0.5666667
0.6000001
0.6333334
0.6666668
0.7000002
0.7333335
0.7666669
0.8000003
0.8333336
0.866667
0.9000003
0.9333337
0.9666671
1
1.033333
</float_array>
          <technique_common>
            <accessor count="32" offset="0" source="#Neck_0_4-Matrix-animation-input-array" stride="1">
              <param name="TIME" type="float" />
            </accessor>
          </technique_common>
        </source>
        <source id="Neck_0_4-Matrix-animation-output-transform">
          <float_array id="Neck_0_4-Matrix-animation-output-transform-array" count="512">0.9975459 -0.06534135 0.02515553 6.349071E-09 
0.06363842 0.995957 0.06340293 0.1667167 
-0.02919666 -0.06164647 0.9976709 -0.02516169 
0 0 0 1 
0.9973831 -0.06229365 0.03669564 6.349071E-09 
0.06038162 0.9968669 0.05109245 0.1667167 
-0.03976341 -0.048743 0.9980195 -0.02516169 
0 0 0 1 
0.996861 -0.05816622 0.05371057 6.349071E-09 
0.05649781 0.9978873 0.0320769 0.1667167 
-0.05546289 -0.02894168 0.9980412 -0.02516169 
0 0 0 1 
0.9959154 -0.05377348 0.07253259 6.349071E-09 
0.05321191 0.9985366 0.009653931 0.1667167 
-0.07294556 -0.0057549 0.9973193 -0.02516169 
0 0 0 1 
0.9947164 -0.05018192 0.08956063 6.349071E-09 
0.05152903 0.9985896 -0.01279169 0.1667167 
-0.08879241 0.01733907 0.9958992 -0.02516169 
0 0 0 1 
0.9936626 -0.04873451 0.1012897 6.349071E-09 
0.05219858 0.9981292 -0.03183381 0.1667167 
-0.09954876 0.03691924 0.9943475 -0.02516169 
0 0 0 1 
0.9932418 -0.05095377 0.104281 6.349071E-09 
0.05579847 0.9974686 -0.04407883 0.1667167 
-0.101771 0.04959965 0.9935706 -0.02516169 
0 0 0 1 
0.993414 -0.05668188 0.09957804 6.349071E-09 
0.06192772 0.9968072 -0.05040232 0.1667167 
-0.0964032 0.05623701 0.9937524 -0.02516169 
0 0 0 1 
0.9937474 -0.06435645 0.09123787 6.349071E-09 
0.06947168 0.9961191 -0.05404125 0.1667167 
-0.08740588 0.0600418 0.9943617 -0.02516169 
0 0 0 1 
0.9940642 -0.07338554 0.08031837 6.349071E-09 
0.07794643 0.9954281 -0.05520188 0.1667167 
-0.07590014 0.06113474 0.9952395 -0.02516169 
0 0 0 1 
0.9942228 -0.08315337 0.06787154 6.349071E-09 
0.0868886 0.9947496 -0.05407032 0.1667167 
-0.06301907 0.05965521 0.9962278 -0.02516169 
0 0 0 1 
0.994145 -0.09303714 0.05495279 6.349071E-09 
0.09584116 0.9940993 -0.05080466 0.1667167 
-0.0499018 0.05577394 0.9971956 -0.02516169 
0 0 0 1 
0.9938272 -0.1024226 0.04262645 6.349071E-09 
0.1043417 0.9934987 -0.04553178 0.1667167 
-0.03768584 0.04969844 0.998053 -0.02516169 
0 0 0 1 
0.9933376 -0.1107178 0.03196886 6.349071E-09 
0.1119119 0.9929779 -0.03834867 0.1667167 
-0.02749849 0.04167087 0.9987529 -0.02516169 
0 0 0 1 
0.9927973 -0.1173639 0.02407085 6.349071E-09 
0.1180487 0.9925746 -0.02932842 0.1667167 
-0.02045002 0.03195871 0.99928 -0.02516169 
0 0 0 1 
0.9923472 -0.1218418 0.02004076 6.349071E-09 
0.122214 0.9923307 -0.01853174 0.1667167 
-0.01762912 0.02083918 0.9996274 -0.02516169 
0 0 0 1 
0.9922221 -0.1228273 0.02021901 6.349071E-09 
0.122949 0.9924009 -0.004883746 0.1667167 
-0.01946551 0.007331668 0.9997836 -0.02516169 
0 0 0 1 
0.9924958 -0.1199369 0.02381799 6.349071E-09 
0.1196733 0.9927383 0.01220564 0.1667167 
-0.02510894 -0.009263668 0.9996418 -0.02516169 
0 0 0 1 
0.9930086 -0.1140941 0.03027409 6.349071E-09 
0.1131278 0.9930676 0.03191889 0.1667167 
-0.03370598 -0.02827089 0.9990318 -0.02516169 
0 0 0 1 
0.9935778 -0.1062145 0.03900666 6.349071E-09 
0.1040701 0.9931345 0.05341598 0.1667167 
-0.04441241 -0.0490135 0.9978102 -0.02516169 
0 0 0 1 
0.9940389 -0.09719353 0.0493968 6.349071E-09 
0.09329753 0.9927445 0.07585458 0.1667167 
-0.05641098 -0.07079381 0.9958946 -0.02516169 
0 0 0 1 
0.9942739 -0.08789577 0.06077604 6.349071E-09 
0.08166075 0.9917898 0.0984102 0.1667167 
-0.06892689 -0.09288367 0.9932883 -0.02516169 
0 0 0 1 
0.9942287 -0.07914481 0.0724244 6.349071E-09 
0.07006633 0.9902627 0.1202935 0.1667167 
-0.08123979 -0.1145247 0.990093 -0.02516169 
0 0 0 1 
0.9939173 -0.07171676 0.08357643 6.349071E-09 
0.05947183 0.9882556 0.1407623 0.1667167 
-0.09268989 -0.1349357 0.9865095 -0.02516169 
0 0 0 1 
0.993413 -0.06633998 0.0934327 6.349071E-09 
0.05087529 0.9859467 0.1591253 0.1667167 
-0.102676 -0.1533237 0.9828273 -0.02516169 
0 0 0 1 
0.9928271 -0.06370226 0.1011746 6.349071E-09 
0.04530219 0.9835731 0.1747334 0.1667167 
-0.1106435 -0.1688966 0.9794039 -0.02516169 
0 0 0 1 
0.9922763 -0.06446715 0.1059803 6.349071E-09 
0.04379174 0.9813911 0.1869591 0.1667167 
-0.1160608 -0.180874 0.9766343 -0.02516169 
0 0 0 1 
0.9917786 -0.06801247 0.108395 6.349071E-09 
0.04575631 0.9795438 0.1959598 0.1667167 
-0.1195053 -0.189389 0.9746026 -0.02516169 
0 0 0 1 
0.9913195 -0.0726699 0.1095664 6.349071E-09 
0.04929958 0.9780151 0.2026226 0.1667167 
-0.1218822 -0.1954622 0.9731081 -0.02516169 
0 0 0 1 
0.9909472 -0.07753894 0.1095962 6.349071E-09 
0.05349325 0.9767922 0.2074019 0.1667167 
-0.1231344 -0.1996616 0.9720973 -0.02516169 
0 0 0 1 
0.990721 -0.08172829 0.1085931 6.349071E-09 
0.0574021 0.9758543 0.2107449 0.1667167 
-0.1231949 -0.2025559 0.9714907 -0.02516169 
0 0 0 1 
0.990721 -0.08172829 0.1085931 6.349071E-09 
0.0574021 0.9758543 0.2107449 0.1667167 
-0.1231949 -0.2025559 0.9714907 -0.02516169 
0 0 0 1 
</float_array>
          <technique_common>
            <accessor count="32" offset="0" source="#Neck_0_4-Matrix-animation-output-transform-array" stride="16">
              <param type="float4x4" />
            </accessor>
          </technique_common>
        </source>
        <source id="Neck_0_4-Interpolations">
          <Name_array id="Neck_0_4-Interpolations-array" count="32">LINEAR
LINEAR
LINEAR
LINEAR
LINEAR
LINEAR
LINEAR
LINEAR
LINEAR
LINEAR
LINEAR
LINEAR
LINEAR
LINEAR
LINEAR
LINEAR
LINEAR
LINEAR
LINEAR
LINEAR
LINEAR
LINEAR
LINEAR
LINEAR
LINEAR
LINEAR
LINEAR
LINEAR
LINEAR
LINEAR
LINEAR
LINEAR</Name_array>
          <technique_common>
            <accessor count="32" offset="0" source="#Neck_0_4-Interpolations-array" stride="1">
              <param type="name" />
            </accessor>
          </technique_common>
        </source>
        <sampler id="Neck_0_4-Matrix-animation-transform">
          <input semantic="INPUT" source="#Neck_0_4-Matrix-animation-input" />
          <input semantic="OUTPUT" source="#Neck_0_4-Matrix-animation-output-transform" />
          <input semantic="INTERPOLATION" source="#Neck_0_4-Interpolations" />
        </sampler>
        <channel source="#Neck_0_4-Matrix-animation-transform" target="Neck/matrix" />
      </animation>
      <animation id="Head_0_5-anim" name="Head_0_5">
        <source id="Head_0_5-Matrix-animation-input">
          <float_array id="Head_0_5-Matrix-animation-input-array" count="32">0
0.03333334
0.06666667
0.1
0.1333333
0.1666667
0.2
0.2333333
0.2666667
0.3
0.3333333
0.3666667
0.4
0.4333333
0.4666667
0.5
0.5333334
0.5666667
0.6000001
0.6333334
0.6666668
0.7000002
0.7333335
0.7666669
0.8000003
0.8333336
0.866667
0.9000003
0.9333337
0.9666671
1
1.033333
</float_array>
          <technique_common>
            <accessor count="32" offset="0" source="#Head_0_5-Matrix-animation-input-array" stride="1">
              <param name="TIME" type="float" />
            </accessor>
          </technique_common>
        </source>
        <source id="Head_0_5-Matrix-animation-output-transform">
          <float_array id="Head_0_5-Matrix-animation-output-transform-array" count="512">0.575451 -0.02420361 0.8174781 -4.234207E-09 
-0.239908 0.9505922 0.1970243 0.09617875 
-0.781857 -0.3094974 0.5412126 0.01685007 
0 0 0 1 
0.5626718 -0.02249052 0.8263744 -4.234207E-09 
-0.2267572 0.9570897 0.1804452 0.09617875 
-0.7949728 -0.2889177 0.5334275 0.01685007 
0 0 0 1 
0.5460605 -0.01291692 0.8376461 -4.234207E-09 
-0.2137253 0.9646466 0.1542026 0.09617875 
-0.8100243 -0.2632301 0.5239948 0.01685007 
0 0 0 1 
0.530739 0.005732983 0.8475159 -4.234207E-09 
-0.1970303 0.9734148 0.1168015 0.09617875 
-0.824315 -0.2289774 0.5177588 0.01685007 
0 0 0 1 
0.5254718 0.03115659 0.8502404 -4.234207E-09 
-0.1730324 0.982358 0.07094076 0.09617875 
-0.8330302 -0.1843965 0.5215925 0.01685007 
0 0 0 1 
0.53522 0.04941994 0.8432658 -4.234207E-09 
-0.1487609 0.9881992 0.03650461 0.09617875 
-0.8315105 -0.144983 0.5362557 0.01685007 
0 0 0 1 
0.5553877 0.04923648 0.8301327 -4.234207E-09 
-0.1300456 0.9911063 0.02822097 0.09617875 
-0.8213602 -0.1236287 0.5568513 0.01685007 
0 0 0 1 
0.5857258 0.04460899 0.8092808 -4.234207E-09 
-0.1117456 0.9933935 0.02611952 0.09617875 
-0.8027691 -0.1057325 0.5868411 0.01685007 
0 0 0 1 
0.6307415 0.04655614 0.7745952 -4.234207E-09 
-0.09645767 0.9951608 0.01873109 0.09617875 
-0.7699748 -0.08653012 0.6321799 0.01685007 
0 0 0 1 
0.6850545 0.05095715 0.7267074 -4.234207E-09 
-0.08964179 0.995866 0.01467305 0.09617875 
-0.7229555 -0.07519521 0.6867903 0.01685007 
0 0 0 1 
0.7397981 0.05688982 0.6704195 -4.234207E-09 
-0.09162325 0.9956551 0.01661656 0.09617875 
-0.6665613 -0.07371891 0.7417962 0.01685007 
0 0 0 1 
0.7877714 0.06404642 0.612629 -4.234207E-09 
-0.102217 0.9943824 0.02748323 0.09617875 
-0.6074273 -0.08427161 0.7898927 0.01685007 
0 0 0 1 
0.8245144 0.07168576 0.5612818 -4.234207E-09 
-0.1169452 0.9921147 0.04507978 0.09617875 
-0.5536244 -0.1028081 0.8263961 0.01685007 
0 0 0 1 
0.8458903 0.08235657 0.5269602 -4.234207E-09 
-0.1298376 0.990081 0.05368274 0.09617875 
-0.5173122 -0.1138289 0.8481929 0.01685007 
0 0 0 1 
0.8524573 0.09340362 0.5143855 -4.234207E-09 
-0.1375696 0.9893117 0.04834293 0.09617875 
-0.5043721 -0.111974 0.8561954 0.01685007 
0 0 0 1 
0.8554727 0.09162422 0.5096778 -4.234207E-09 
-0.1442724 0.9874241 0.06464692 0.09617875 
-0.4973449 -0.1288361 0.8579332 0.01685007 
0 0 0 1 
0.8610849 0.07826149 0.5024022 -4.234207E-09 
-0.1622655 0.978714 0.1256538 0.09617875 
-0.4818742 -0.1897211 0.8554549 0.01685007 
0 0 0 1 
0.8545519 0.06684896 0.5150459 -4.234207E-09 
-0.182625 0.9670284 0.1774942 0.09617875 
-0.4861987 -0.2457382 0.8385843 0.01685007 
0 0 0 1 
0.8225598 0.05609401 0.5659052 -4.234207E-09 
-0.1886377 0.965694 0.1784684 0.09617875 
-0.5364802 -0.253552 0.8049226 0.01685007 
0 0 0 1 
0.7685073 0.04518586 0.6382436 -4.234207E-09 
-0.1806164 0.9722561 0.1486466 0.09617875 
-0.6138195 -0.2295132 0.7553471 0.01685007 
0 0 0 1 
0.6987909 0.03872153 0.7142772 -4.234207E-09 
-0.1653002 0.9802485 0.1085763 0.09617875 
-0.6959649 -0.1939423 0.6913893 0.01685007 
0 0 0 1 
0.6259251 0.03766545 0.7789731 -4.234207E-09 
-0.1547443 0.9849716 0.07671498 0.09617875 
-0.7643769 -0.1685594 0.6223469 0.01685007 
0 0 0 1 
0.5560251 0.03946495 0.830228 -4.234207E-09 
-0.1520525 0.9868452 0.05492373 0.09617875 
-0.8171389 -0.1567772 0.5547115 0.01685007 
0 0 0 1 
0.4889188 0.04165883 0.8713341 -4.234207E-09 
-0.1527556 0.9875138 0.03850007 0.09617875 
-0.8588505 -0.1519246 0.4891776 0.01685007 
0 0 0 1 
0.4236124 0.04317116 0.9048142 -4.234207E-09 
-0.1514094 0.9881861 0.0237372 0.09617875 
-0.8931001 -0.1470527 0.4251444 0.01685007 
0 0 0 1 
0.3631637 0.04531645 0.9306227 -4.234207E-09 
-0.1471279 0.9890742 0.009252071 0.09617875 
-0.9200357 -0.1402806 0.3658632 0.01685007 
0 0 0 1 
0.3124781 0.04983487 0.9486169 -4.234207E-09 
-0.1424728 0.9897857 -0.005066566 0.09617875 
-0.9391799 -0.1335689 0.3163865 0.01685007 
0 0 0 1 
0.272743 0.05724959 0.9603822 -4.234207E-09 
-0.136565 0.990424 -0.02025675 0.09617875 
-0.9523453 -0.1256296 0.2779495 0.01685007 
0 0 0 1 
0.2449352 0.06815393 0.9671411 -4.234207E-09 
-0.1284736 0.9910113 -0.03729922 0.09617875 
-0.9609898 -0.1151162 0.2514895 0.01685007 
0 0 0 1 
